     0/299     11.9G   0.07565    0.5124    0.1624    0.7504       346       640 8.288e-05   0.01947 8.016e-06 1.572e-06     0.105   0.06004    0.1601
     1/299     21.9G   0.07335    0.0304    0.1545    0.2583       260       640  0.002582   0.01095  0.000156 3.766e-05     0.105   0.05398    0.1484
     2/299     21.5G   0.07345   0.02608    0.1377    0.2372       219       640  0.002401  0.008594 0.0002763 5.446e-05    0.1048    0.0544    0.1298
     3/299     21.5G    0.0722   0.02546    0.1072    0.2048       290       640 0.0005889   0.01489 7.506e-05 1.303e-05    0.1021   0.05699   0.07568
     4/299     21.5G   0.07032   0.02416   0.06472    0.1592       204       640    0.1052   0.01263 0.0009931 0.0001906   0.09718   0.04692   0.05118
     5/299     21.5G   0.06791    0.0231   0.04599     0.137       246       640    0.1076    0.0855  0.004943  0.001221    0.0947   0.04644   0.04318
     6/299     21.5G   0.06519   0.02413   0.04009    0.1294       167       640     0.523   0.05178  0.008527  0.002357     0.093   0.05159   0.04302
     7/299     21.5G   0.06171   0.02511   0.03678    0.1236       159       640    0.6912   0.03659   0.01614  0.005124   0.08432   0.04918   0.03845
     8/299     21.5G   0.05849   0.02659   0.03462    0.1197       255       640    0.5713    0.0609   0.03027   0.01043   0.07914   0.05067   0.03757
     9/299     21.5G   0.05591   0.02799   0.03256    0.1165       235       640    0.4945    0.0958    0.0291  0.009365   0.07664   0.05842   0.03655
    10/299     21.5G    0.0538   0.02829   0.03099    0.1131       320       640    0.5687   0.09845   0.04416   0.01604   0.07137   0.04884   0.03499
    11/299     21.5G   0.05146    0.0286   0.02941    0.1095       255       640    0.5679    0.1171   0.05603   0.02083   0.06987   0.05001   0.03325
    12/299     21.5G   0.05068   0.02871   0.02739    0.1068       213       640    0.5338    0.1201   0.06478   0.02628   0.06936   0.05526   0.03374
    13/299     21.5G   0.04874   0.02845   0.02597    0.1032       380       640    0.5392    0.1295   0.08006   0.03404   0.06555   0.05058   0.03332
    14/299     21.5G   0.04779   0.02964   0.02495    0.1024       239       640    0.5557    0.1519    0.1042   0.04443   0.06479   0.04914   0.03238
    15/299     21.5G   0.04624   0.02851   0.02304   0.09778       261       640    0.5754    0.1734    0.1327    0.0577   0.06066   0.04909   0.03146
    16/299     21.5G   0.04558   0.02758    0.0219   0.09506       279       640    0.6701    0.1437    0.1433   0.06656   0.05894   0.04774   0.03027
    17/299     21.5G   0.04476   0.02774   0.02118   0.09367       326       640     0.611    0.1791    0.1513   0.07395   0.05823   0.05186   0.02964
    18/299     21.5G   0.04336   0.02767   0.02015   0.09118       327       640    0.6884    0.1524    0.1545    0.0752   0.05874   0.04764   0.03068
    19/299     21.5G   0.04332    0.0262   0.01943   0.08895       190       640    0.6218    0.2009    0.1846   0.08928    0.0568   0.04893    0.0299
    20/299     21.5G   0.04228    0.0279   0.01923   0.08941       290       640     0.697      0.18    0.1778   0.08422   0.05496   0.04911   0.03028
    21/299     21.5G   0.04229   0.02756   0.01878   0.08862       236       640    0.6323    0.1848    0.1922   0.09334   0.05357   0.04919   0.02874
    22/299     21.5G   0.04103   0.02718   0.01798    0.0862       192       640    0.6492     0.205     0.212    0.1118   0.05228   0.05235    0.0281
    23/299     21.5G   0.04096   0.02732   0.01756   0.08584       198       640    0.7017    0.1966    0.2083    0.1049   0.05249   0.04972    0.0296
    24/299     21.5G   0.04074   0.02679   0.01706   0.08458       300       640    0.6376    0.2273    0.2141     0.111   0.05185   0.05082   0.02769
    25/299     20.5G   0.03976   0.02683   0.01705   0.08364       169       640    0.7003      0.22    0.2366    0.1261   0.05019   0.05143   0.02677
    26/299     20.5G   0.03949   0.02661   0.01647   0.08257       234       640    0.6565    0.2232    0.2337    0.1181   0.05128   0.05135   0.02734
    27/299     20.5G   0.03906    0.0263    0.0163   0.08165       186       640    0.6508    0.2436    0.2308    0.1232   0.04961   0.05164   0.02725
    28/299     20.5G   0.03869   0.02616   0.01589   0.08074       242       640    0.6967     0.239     0.256    0.1384   0.05051   0.04969   0.02701
    29/299     20.5G   0.03892   0.02583   0.01574   0.08049       257       640    0.5451    0.3219    0.2544     0.136   0.05031   0.05277   0.02719
    30/299     20.5G   0.03806   0.02531   0.01536   0.07873       252       640    0.6537    0.2558    0.2613    0.1444   0.04885   0.05303   0.02682
    31/299     20.5G    0.0372   0.02568   0.01448   0.07737       169       640    0.4261    0.3719    0.2711    0.1482   0.04769   0.05176   0.02598
    32/299     20.5G   0.03683   0.02537   0.01393   0.07613       234       640    0.7556    0.2357    0.2752    0.1467   0.04974   0.05249   0.02613
    33/299     20.5G   0.03684     0.025   0.01375   0.07559       186       640     0.432    0.3778    0.2749    0.1489   0.04823   0.05361   0.02554
    34/299     20.5G   0.03604   0.02496   0.01341   0.07442       242       640     0.542    0.3455     0.285    0.1585   0.04896   0.05236   0.02649
    35/299     20.5G   0.03618   0.02486   0.01339   0.07442       257       640    0.5188    0.3194     0.269    0.1494   0.04889   0.05313   0.02621
    36/299     20.5G   0.03582   0.02416   0.01309   0.07307       252       640     0.588    0.3457    0.2912    0.1613   0.04707   0.05458   0.02487
    37/299     20.5G   0.03634   0.02546   0.01423   0.07604       198       640    0.6588    0.2992    0.2925    0.1626   0.04654   0.05201   0.02598
    38/299     20.5G   0.03633   0.02515   0.01394   0.07542       286       640    0.6851    0.2857    0.2848     0.159   0.04597   0.05048   0.02584
    39/299     20.5G   0.03591   0.02571   0.01399   0.07561       261       640    0.6131    0.3443    0.3158    0.1747   0.04631   0.05286   0.02486
    40/299     20.5G   0.03606   0.02509   0.01343   0.07459       165       640    0.6488    0.3299    0.3129    0.1719   0.04662    0.0533   0.02474
    41/299     20.5G   0.03593   0.02459   0.01391   0.07443       251       640    0.6309    0.3696     0.315    0.1766   0.04575   0.05207   0.02514
    42/299     20.5G   0.03556    0.0255   0.01327   0.07433       253       640    0.7004    0.3026    0.3091    0.1751    0.0459   0.05055   0.02428
    43/299     20.5G    0.0355    0.0254   0.01302   0.07392       408       640    0.6751     0.333    0.3265    0.1794   0.04484   0.05193   0.02413
    44/299     20.5G   0.03505   0.02458   0.01319   0.07282       229       640    0.6754    0.3328    0.3167    0.1825   0.04545   0.05227   0.02401
    45/299     20.5G   0.03478   0.02472   0.01273   0.07223       198       640    0.7115    0.3189    0.3243    0.1847   0.04499   0.05161   0.02389
    46/299     20.5G   0.03478   0.02464   0.01269   0.07211       195       640    0.7243    0.3185    0.3261    0.1853   0.04515   0.05175   0.02368
    47/299     20.5G   0.03446   0.02479   0.01237   0.07162       207       640     0.662    0.3343    0.3357    0.1947   0.04496   0.05216   0.02346
    48/299     20.5G   0.03422   0.02436   0.01233   0.07091       198       640    0.7194    0.3306    0.3411    0.1996   0.04447    0.0531    0.0229
    49/299     20.5G    0.0343   0.02518   0.01237   0.07186       193       640    0.6786    0.3265    0.3421    0.1947    0.0447   0.05333   0.02339
    50/299     20.5G   0.03401    0.0243   0.01225   0.07056       238       640    0.7395    0.3146    0.3367    0.1954   0.04401    0.0516   0.02375
    51/299     20.5G   0.03357    0.0239   0.01192   0.06939       187       640    0.6675    0.3336    0.3382    0.1981   0.04443   0.05273   0.02289
    52/299     20.5G   0.03379   0.02431   0.01209   0.07018       212       640    0.6095    0.3557    0.3585    0.2105   0.04403   0.05071   0.02299
    53/299     20.5G   0.03362   0.02443   0.01173   0.06978       206       640    0.6471    0.3266    0.3569    0.2096   0.04402   0.05283   0.02233
    54/299     20.5G   0.03347   0.02412   0.01172   0.06931       234       640    0.7471     0.323     0.354    0.2069   0.04383   0.05204   0.02295
    55/299     20.5G   0.03315    0.0237    0.0114   0.06825       229       640    0.6403    0.3476    0.3485    0.2033   0.04344   0.05194   0.02271
    56/299     20.5G   0.03288     0.024   0.01153    0.0684       208       640    0.6426    0.3585    0.3693     0.218   0.04281   0.05177    0.0228
    57/299     20.5G   0.03307   0.02402   0.01142   0.06851       137       640    0.5472    0.3813    0.3537     0.208   0.04307   0.05272   0.02395
    58/299     20.5G   0.03292   0.02441   0.01152   0.06886       169       640    0.6706    0.3536    0.3675    0.2202   0.04283    0.0535   0.02264
    59/299     20.5G   0.03244   0.02365   0.01121    0.0673       325       640     0.689    0.3348    0.3742    0.2259   0.04306   0.05401   0.02177
    60/299     20.5G   0.03238   0.02434    0.0112   0.06792       272       640    0.7214    0.3328    0.3861    0.2304   0.04296   0.05205   0.02213
    61/299     20.5G   0.03254   0.02462   0.01094    0.0681       307       640    0.6198    0.3624    0.3862    0.2294   0.04242   0.05222   0.02229
    62/299     20.5G   0.03222   0.02307   0.01074   0.06603       251       640    0.7412    0.3531    0.3771    0.2279   0.04212    0.0524   0.02195
    63/299     20.5G   0.03228   0.02396   0.01096    0.0672       217       640    0.7025     0.361    0.3945    0.2417   0.04205   0.05353   0.02189
    64/299     20.5G   0.03191   0.02388   0.01067   0.06646       196       640    0.6699    0.3544    0.3803    0.2351   0.04276   0.05242   0.02222
    65/299     20.5G   0.03163   0.02332   0.01058   0.06554       293       640     0.671     0.352    0.3761    0.2277   0.04152   0.05243   0.02201
    66/299     20.5G   0.03181   0.02401   0.01054   0.06636       265       640    0.7089    0.3469    0.3737    0.2212   0.04257   0.05359   0.02155
    67/299     20.5G   0.03169   0.02323   0.01047   0.06539       235       640    0.6487    0.3664    0.4041     0.249   0.04231   0.05296   0.02184
    68/299     20.5G    0.0316   0.02281   0.01031   0.06471       225       640    0.7088    0.3731    0.4154    0.2555   0.04138   0.05321   0.02161
    69/299     11.1G   0.03149   0.02307   0.01017   0.06473       187       640    0.6525    0.3514    0.4107    0.2542   0.04254    0.0533    0.0218
    70/299     11.2G    0.0314   0.02333    0.0102   0.06492       172       640    0.6935    0.3562    0.3991    0.2459   0.04197   0.05376   0.02144
    71/299     11.2G   0.03086   0.02264  0.009724   0.06322       162       640    0.7503    0.3512    0.4141    0.2587   0.04191   0.05388   0.02113
    72/299     11.2G   0.03092   0.02286  0.009804   0.06358       219       640    0.6843    0.3451    0.4016    0.2488   0.04219   0.05532   0.02163
    73/299     11.2G   0.03079   0.02247   0.00966   0.06292       253       640    0.6526    0.3607    0.4265    0.2659   0.04138    0.0544   0.02152
    74/299     11.2G   0.03089   0.02248  0.009533    0.0629       293       640    0.7506    0.3393    0.4208    0.2641   0.04179   0.05483   0.02123
    75/299     11.2G   0.03081   0.02299   0.01009   0.06388       219       640    0.6425    0.3853    0.4291    0.2693   0.04199   0.05362    0.0217
    76/299     11.1G   0.02992   0.02199  0.008549   0.06045       187       640    0.5858     0.387    0.4295    0.2636   0.04192   0.05612   0.02086
    77/299     11.2G   0.02963   0.02215  0.008371   0.06015       172       640    0.5684    0.4829    0.4452    0.2694   0.04189    0.0558   0.02075
    78/299     11.2G   0.02934   0.02136  0.007907    0.0586       162       640    0.6621    0.3707     0.443    0.2756   0.04114   0.05586   0.02095
    79/299     11.2G   0.02984    0.0217  0.008079   0.05961       219       640    0.6454    0.3853    0.4213    0.2619   0.04177   0.05763    0.0213
    80/299     11.2G   0.02949   0.02129  0.007993   0.05877       253       640    0.7342    0.3545    0.4421    0.2643    0.0424   0.05583   0.02128
    81/299     11.2G   0.02913   0.02138  0.007911   0.05842       293       640    0.6036    0.4169    0.4244    0.2617   0.04126   0.05625   0.02098
    82/299     11.2G   0.02962   0.02181  0.008481   0.05991       219       640    0.5323    0.4613    0.4357    0.2721   0.04192   0.05624   0.02097
    83/299     11.2G    0.0302   0.02317  0.009566   0.06293       247       640    0.7522    0.3472    0.4318    0.2609   0.04141   0.05555   0.02093
    84/299     11.2G   0.03038    0.0224  0.009488   0.06228       292       640    0.6966    0.3571    0.4353    0.2681   0.04076    0.0539   0.02119
    85/299     11.2G   0.03029   0.02318  0.009175   0.06265       312       640    0.6068    0.4534    0.4348    0.2676    0.0408   0.05495   0.02095
    86/299     11.2G   0.03009   0.02309  0.009285   0.06246       250       640    0.5828    0.4844    0.4358    0.2712   0.04082   0.05498   0.02073
    87/299     11.2G   0.02997   0.02262  0.009135   0.06172       310       640    0.5367    0.4781    0.4356    0.2755   0.04069   0.05434   0.02064
    88/299     11.2G   0.02981   0.02196  0.008921   0.06069       230       640    0.6386    0.4116    0.4317    0.2742   0.04055   0.05534   0.02014
    89/299     11.2G   0.02991    0.0226  0.008935   0.06144       184       640    0.5481    0.5016    0.4489    0.2853   0.04057   0.05627   0.02028
    90/299     11.2G   0.02955   0.02268  0.008873    0.0611       251       640    0.6145    0.4549    0.4531    0.2779   0.04032   0.05469   0.02105
    91/299     11.2G   0.02962   0.02257  0.008889   0.06108       214       640    0.5731    0.4819     0.439    0.2765   0.04061   0.05508   0.02066
    92/299     11.2G   0.02913   0.02192  0.008616   0.05966       158       640    0.6435    0.4204    0.4427    0.2792   0.04047   0.05569   0.02056
    93/299     11.2G   0.02926   0.02223  0.008752   0.06024       340       640    0.6357    0.4619    0.4473    0.2765   0.04042   0.05593   0.02033
    94/299     11.2G   0.02949   0.02195   0.00859   0.06004       301       640    0.5895    0.4629    0.4503    0.2819   0.04088   0.05596   0.02002
    95/299     11.2G   0.02903    0.0218  0.008433   0.05927       232       640    0.6247      0.45    0.4587    0.2918   0.03985   0.05445   0.02056
    96/299     11.2G   0.02869   0.02184   0.00827   0.05881       161       640    0.6316     0.478    0.4686     0.294   0.03972   0.05601   0.02036
    97/299     11.2G   0.02926   0.02262  0.008494   0.06037       339       640    0.6513     0.446    0.4667    0.2938   0.04116   0.05675   0.01985
    98/299     11.2G   0.02871   0.02197  0.008401   0.05907       229       640    0.6485    0.4391    0.4625    0.2872   0.04068   0.05452    0.0202
    99/299     11.2G   0.02898   0.02214  0.008194   0.05932       218       640    0.6269     0.475    0.4607    0.2918   0.04057   0.05431   0.02024
   100/299     11.2G   0.02896   0.02218  0.008254    0.0594       200       640    0.6557    0.4299    0.4491    0.2848   0.04029   0.05666   0.01981
   101/299     11.2G   0.02856   0.02128  0.008106   0.05794       244       640    0.6005    0.4663    0.4645    0.2961   0.04118   0.05471   0.02017
   102/299     11.2G   0.02847   0.02229  0.008149   0.05891       241       640    0.6859    0.4315     0.461    0.2901   0.04043   0.05565   0.01974
   103/299     11.2G   0.02856   0.02123  0.008022   0.05782       212       640    0.6232    0.4882    0.4653    0.2959    0.0408   0.05696   0.01961
   104/299     11.2G   0.02843   0.02214  0.007996   0.05857       237       640    0.6499    0.4937    0.4766    0.2976    0.0402   0.05657   0.01967
   105/299     11.2G   0.02826   0.02076  0.007839   0.05686       324       640    0.6246    0.4565    0.4576    0.2877    0.0399   0.05637   0.01994
   106/299     11.2G   0.02867    0.0217  0.008156   0.05853       229       640    0.6435    0.4756    0.4614    0.2866   0.04084   0.05619   0.01953
   107/299     11.2G   0.02851   0.02138  0.008026   0.05791       370       640    0.6623    0.4637    0.4663    0.2959   0.04029   0.05682   0.01966
   108/299     11.2G   0.02837   0.02195  0.008042   0.05836       324       640    0.5291    0.5192    0.4646    0.2908   0.04028   0.05579   0.01951
   109/299     11.2G   0.02812   0.02096  0.007787   0.05687       210       640    0.7074    0.4637    0.4898    0.3069   0.04015   0.05659   0.01961
   110/299     11.2G   0.02869   0.02179  0.008185   0.05866       208       640    0.6475    0.4501    0.4719    0.2996   0.04062   0.05613    0.0197
   111/299     11.2G   0.02847    0.0221  0.007966   0.05853        93       640    0.6014    0.4845    0.4702    0.3005   0.04051   0.05557   0.01923
   112/299     11.2G   0.02826   0.02159  0.007774   0.05763       254       640    0.6625    0.4681    0.4808    0.3061   0.04026   0.05549   0.01972
   113/299     11.2G   0.02822    0.0214  0.007717   0.05734       283       640    0.6195    0.4943    0.4887    0.3029   0.04025   0.05626   0.01948
   114/299     11.2G   0.02806   0.02127  0.007816   0.05715       127       640    0.6916     0.483     0.488    0.3038   0.04046   0.05563   0.01943
   115/299     11.2G   0.02797   0.02135  0.007627   0.05694       245       640    0.5723    0.5053    0.4807    0.3052   0.04042   0.05626   0.01945
   116/299     11.2G   0.02777   0.02106  0.007534   0.05637       163       640    0.6704    0.4779    0.4983    0.3104      0.04   0.05593     0.019
   117/299     11.2G   0.02787   0.02122  0.007643   0.05674       246       640    0.7029    0.4578    0.4867    0.3053   0.04007   0.05598   0.01915
   118/299     11.2G   0.02839   0.02151  0.007687   0.05759       167       640    0.6631    0.4391    0.4785    0.3015   0.03986   0.05571   0.01937
   119/299     11.2G   0.02768   0.02103   0.00733   0.05605       288       640    0.6238    0.4626    0.4791    0.3068   0.04081   0.05614   0.01888
   120/299     11.2G   0.02782   0.02122  0.007577   0.05661       232       640    0.6843    0.4667    0.4778    0.3095   0.04031   0.05667   0.01922
   121/299     11.2G   0.02762   0.02135    0.0076   0.05657       224       640    0.6798    0.4645    0.4925    0.3129   0.04067   0.05601   0.01857
   122/299     11.2G   0.02801   0.02178  0.007675   0.05746       160       640    0.6676    0.4696    0.4849    0.3112   0.04128   0.05581   0.01883
   123/299     11.2G   0.02726    0.0207   0.00727   0.05523       240       640    0.6433    0.4917     0.501    0.3164   0.04102   0.05507   0.01883
   124/299     11.2G   0.02769   0.02102  0.007253   0.05596       299       640    0.7573    0.4647    0.5054    0.3203   0.04159   0.05571   0.01875
   125/299     11.2G   0.02746   0.02067  0.007232   0.05536       285       640    0.7199    0.4613    0.4977    0.3136   0.04079   0.05554   0.01865
   126/299     11.2G   0.02726    0.0204  0.007195   0.05486       304       640    0.6818    0.4662    0.4861    0.3087   0.04032    0.0579   0.01847
   127/299     11.2G   0.02759   0.02097   0.00733   0.05589       230       640    0.6654    0.4658    0.4878    0.3127    0.0406    0.0573   0.01856
   128/299     11.2G   0.02709   0.02088  0.006957   0.05493       219       640     0.641    0.4779    0.4925     0.316    0.0402     0.057   0.01903
   129/299     11.2G   0.02695   0.02087  0.006927   0.05475       371       640    0.6414    0.4835    0.4925    0.3147   0.04051   0.05681    0.0186
   130/299     11.2G   0.02676   0.02038  0.006698   0.05384       209       640    0.6248    0.4758    0.4948    0.3186   0.04024   0.05704   0.01841
   131/299     11.2G   0.02713     0.021  0.006901   0.05503       191       640    0.6643     0.484     0.498    0.3187   0.04021   0.05668   0.01834
   132/299     11.2G   0.02717   0.02081  0.006889   0.05487       230       640     0.737    0.4501    0.4948    0.3213   0.04087   0.05717   0.01809
   133/299     11.2G   0.02709   0.02098  0.006952   0.05502       289       640    0.6292     0.485    0.4949    0.3205   0.04027   0.05649    0.0185
   134/299     11.2G   0.02679   0.02043  0.006841   0.05406       340       640    0.6517    0.4952    0.5076     0.324   0.04017   0.05729   0.01836
   135/299     11.2G   0.02689   0.02009  0.006778   0.05376       217       640    0.6715    0.4683    0.5001    0.3217    0.0405   0.05796   0.01813
   136/299     11.2G   0.02729   0.02077  0.006928   0.05498       266       640    0.7137    0.4686    0.5059    0.3245   0.04071    0.0576   0.01793
   137/299     11.2G   0.02668   0.02019  0.006708   0.05358       235       640    0.6541    0.4672    0.5018     0.321   0.04053   0.05688   0.01832
   138/299     11.2G   0.02673   0.02081  0.006706   0.05425       172       640    0.7777     0.438    0.5123    0.3262   0.04059   0.05688   0.01799
   139/299     11.2G   0.02687    0.0201  0.006714   0.05369       192       640    0.6227     0.483    0.4981    0.3232   0.04036   0.05662   0.01789
   140/299     11.2G   0.02623   0.01972  0.006573   0.05253       160       640    0.6798    0.4538    0.4985    0.3245   0.04082   0.05687   0.01753
   141/299     11.2G   0.02635   0.02022  0.006636   0.05321       249       640    0.7398    0.4362    0.5067    0.3287   0.04179   0.05623   0.01773
   142/299     11.2G   0.02667   0.02042  0.006801   0.05389       277       640    0.6927    0.4469    0.5027    0.3254   0.04179   0.05526   0.01781
   143/299     11.2G   0.02636   0.02005  0.006495    0.0529       224       640     0.698     0.449    0.5058    0.3302   0.04131   0.05644   0.01782
   144/299     11.2G   0.02613    0.0201  0.006388   0.05261       299       640    0.6677    0.4654    0.5107    0.3275    0.0409    0.0574   0.01782
   145/299     11.2G   0.02622   0.01975   0.00624   0.05221       164       640    0.6033    0.5219    0.5074    0.3244    0.0411   0.05706   0.01783
   146/299     11.2G   0.02635   0.01978  0.006456   0.05259       292       640    0.6592    0.4845    0.5131    0.3303   0.04136   0.05676   0.01815
   147/299     11.2G   0.02617   0.01945  0.006234   0.05185       289       640    0.6314     0.475    0.5068    0.3259   0.04148   0.05735   0.01793
   148/299     11.2G   0.02643   0.02028  0.006548   0.05327       175       640    0.6501     0.463     0.504    0.3257   0.04138   0.05743   0.01803
   149/299     11.2G   0.02631   0.01991  0.006307   0.05253       198       640    0.6281    0.4696    0.4987    0.3225   0.04186   0.05667   0.01745
   150/299     11.2G   0.02636   0.02016  0.006395   0.05291       354       640    0.6656    0.4518    0.5001    0.3261   0.04159    0.0574   0.01759
   151/299     11.2G   0.02618   0.01998  0.006124   0.05229       213       640    0.7051    0.4674    0.5059    0.3278   0.04113    0.0579    0.0177
   152/299     11.2G   0.02607   0.01924  0.006284    0.0516       219       640    0.6616      0.46    0.5041    0.3284   0.04089   0.05772   0.01764
   153/299     11.2G   0.02591   0.01984  0.006265   0.05201       292       640    0.7477    0.4427    0.5124    0.3322   0.04095   0.05815   0.01781
   154/299     11.2G   0.02588   0.01952  0.006212   0.05161       205       640    0.6397    0.4966    0.5113    0.3329   0.04111   0.05789    0.0176
   155/299     11.2G    0.0258    0.0195  0.006083   0.05138       171       640     0.625    0.4923    0.5075    0.3288   0.04178   0.05702   0.01772
   156/299     11.2G   0.02595   0.01973  0.006107   0.05179       223       640     0.679    0.4532    0.5077     0.331   0.04159   0.05745   0.01751
   157/299     11.2G   0.02599   0.01929  0.006274   0.05156       331       640     0.738    0.4537    0.5086    0.3307   0.04149    0.0583   0.01745
   158/299     11.2G   0.02568   0.01987  0.006173   0.05172       187       640    0.6475    0.4845     0.508    0.3302   0.04128   0.05811   0.01748
   159/299     11.2G   0.02551   0.01994  0.005808   0.05126       322       640    0.6673    0.4893    0.5207    0.3399   0.04145   0.05799   0.01752
   160/299     11.2G   0.02566   0.01942  0.005869   0.05096       245       640    0.6268    0.4983    0.5089    0.3333   0.04113   0.05809   0.01759
   161/299     11.2G    0.0259   0.01934  0.006033   0.05127       165       640    0.6998    0.4907    0.5127    0.3351   0.04134   0.05787   0.01737
   162/299     11.2G   0.02558   0.01969  0.005945   0.05121       205       640    0.6935    0.4809    0.5116    0.3342   0.04146   0.05747   0.01729
   163/299     11.2G   0.02518   0.01921  0.005685   0.05007       247       640    0.6063    0.5158    0.5172     0.339    0.0415   0.05803   0.01727
   164/299     11.2G   0.02545   0.01929  0.005888   0.05062       228       640    0.6566    0.4894    0.5202    0.3403   0.04127   0.05824   0.01735
   165/299     11.2G   0.02511   0.01921  0.005673      0.05       265       640    0.7878    0.4496    0.5173    0.3426   0.04173   0.05817   0.01729
   166/299     11.2G   0.02519   0.01923  0.005814   0.05023       269       640    0.7615    0.4536    0.5098    0.3342   0.04174   0.05807   0.01748
   167/299     11.2G   0.02524   0.01927  0.005719   0.05023       210       640    0.7135    0.4508    0.5148    0.3368    0.0418   0.05845   0.01732
   168/299     11.2G   0.02531   0.01965  0.005925   0.05089       289       640    0.6397    0.4957    0.5139    0.3351   0.04229   0.05796   0.01729
   169/299     11.2G   0.02528    0.0198  0.005823    0.0509       378       640    0.6603    0.4803     0.516    0.3365    0.0419   0.05809   0.01726
   170/299     11.2G   0.02524   0.01949  0.005669    0.0504       275       640    0.6587    0.4818    0.5149    0.3372   0.04165   0.05833   0.01721
   171/299     11.2G   0.02554   0.01921  0.005948    0.0507       209       640    0.6414    0.4996    0.5179    0.3386   0.04175   0.05854   0.01699
   172/299     11.2G   0.02505   0.01938  0.005595   0.05002       254       640    0.6577    0.5011    0.5227    0.3391   0.04142   0.05825    0.0171
   173/299     11.2G   0.02498   0.01945  0.005584   0.05001       338       640    0.6343    0.5055    0.5238    0.3426   0.04105   0.05916    0.0171
   174/299     11.2G   0.02486   0.01892  0.005712   0.04949       219       640    0.6461    0.4925    0.5185    0.3376   0.04105    0.0597   0.01708
   175/299     11.2G   0.02519   0.01897  0.005584   0.04975       169       640    0.6391     0.493    0.5205    0.3396   0.04141   0.05928    0.0171
   176/299     11.2G   0.02512   0.01918   0.00555   0.04985       230       640    0.6599    0.4836     0.517    0.3373   0.04198    0.0589   0.01697
   177/299     11.2G   0.02484    0.0192  0.005469   0.04951       169       640    0.6568    0.4867    0.5203    0.3381   0.04165   0.05958   0.01684
   178/299     11.2G   0.02496    0.0194   0.00549   0.04985       285       640    0.6426    0.5009    0.5206      0.34    0.0415   0.05935   0.01687
   179/299     11.2G   0.02461   0.01858  0.005341   0.04853       234       640    0.6695    0.4913    0.5255    0.3426   0.04205   0.05914    0.0172
   180/299     11.2G   0.02477   0.01849  0.005339    0.0486       224       640    0.6668    0.5188    0.5284     0.343   0.04258   0.05878   0.01692
   181/299     11.2G   0.02459   0.01907  0.005229   0.04889       224       640    0.6604    0.4896    0.5262    0.3442   0.04218   0.05887   0.01666
   182/299     11.2G   0.02424   0.01884  0.005158   0.04824       269       640    0.7042    0.4973    0.5338    0.3502   0.04159   0.05946   0.01659
   183/299     11.2G   0.02451   0.01859  0.005217   0.04831       259       640    0.6892      0.48    0.5282    0.3448   0.04124   0.06001   0.01668
   184/299     11.2G   0.02473   0.01849  0.005428   0.04864       230       640    0.6706    0.4937    0.5253    0.3442   0.04154   0.06005   0.01669
   185/299     11.2G   0.02445   0.01875   0.00518   0.04838       151       640    0.6569    0.4956    0.5278    0.3443   0.04183    0.0594   0.01677
   186/299     11.2G   0.02432   0.01846  0.005234   0.04801       207       640    0.6795     0.482     0.531    0.3469   0.04256   0.05904   0.01685
   187/299     11.2G   0.02452   0.01825  0.005301   0.04807       256       640    0.6727    0.4875    0.5312    0.3485    0.0424   0.05922   0.01684
   188/299     11.2G   0.02438   0.01821   0.00519   0.04778       200       640    0.6708    0.4909     0.533    0.3502   0.04267   0.05921   0.01683
   189/299     11.2G   0.02416   0.01827    0.0052   0.04763       162       640    0.6581    0.4968    0.5286    0.3443   0.04227   0.05949   0.01683
   190/299     11.2G    0.0244   0.01893  0.005365   0.04869       323       640    0.6611    0.4893    0.5282    0.3461   0.04224   0.05975   0.01677
   191/299     11.2G    0.0246   0.01929  0.005428   0.04932       361       640    0.7004    0.4918    0.5368    0.3527   0.04183   0.06003   0.01676
   192/299     11.2G    0.0243   0.01828  0.005223    0.0478       265       640    0.6749     0.504    0.5392    0.3526   0.04226    0.0597   0.01665
   193/299     11.2G   0.02395    0.0184  0.005153   0.04751       279       640    0.7054    0.4988      0.54    0.3539   0.04258    0.0597   0.01656
   194/299     11.2G   0.02447   0.01826  0.005187   0.04792       246       640     0.726    0.4914    0.5346    0.3512   0.04238   0.05979   0.01638
   195/299     11.2G   0.02411   0.01798  0.005191   0.04729       218       640    0.7156     0.492     0.533    0.3498   0.04204   0.06024   0.01624
   196/299     11.2G   0.02401   0.01797  0.004988   0.04697       243       640    0.7381    0.4804    0.5319    0.3504   0.04197   0.06077   0.01618
   197/299     11.2G   0.02383     0.018  0.004933   0.04676       228       640     0.685    0.5118    0.5386    0.3548   0.04189   0.06041   0.01617
   198/299     11.2G     0.024   0.01843  0.005065    0.0475       198       640    0.6967    0.5045    0.5395    0.3563   0.04134   0.06091   0.01624
   199/299     11.2G   0.02397   0.01784  0.005013   0.04682       384       640    0.7018     0.504    0.5373    0.3539   0.04166    0.0607   0.01626
   200/299     11.2G   0.02387   0.01863  0.004854   0.04736       199       640    0.7015    0.5026    0.5457    0.3575    0.0419   0.06049   0.01631
   201/299     11.2G   0.02355    0.0173  0.004818   0.04567       307       640    0.6985    0.5029    0.5432    0.3564   0.04188   0.06064   0.01634
   202/299     11.2G   0.02396    0.0183  0.004868   0.04712       186       640    0.6658    0.4975    0.5292    0.3469   0.04225    0.0608    0.0165
   203/299     11.2G   0.02341   0.01759  0.004785   0.04578       228       640    0.6738      0.49    0.5271    0.3445   0.04174   0.06123   0.01655
   204/299     11.2G   0.02333   0.01754   0.00472   0.04559       226       640    0.6684    0.4891    0.5256    0.3442   0.04167   0.06158   0.01645
   205/299     11.2G   0.02355   0.01756   0.00483   0.04594       242       640    0.6747    0.4887    0.5335    0.3501   0.04165   0.06165   0.01632
   206/299     11.2G   0.02338   0.01756  0.004809   0.04575       182       640    0.6461    0.5086    0.5295    0.3477   0.04154   0.06181   0.01619
   207/299     11.2G    0.0236   0.01758  0.004812     0.046       282       640    0.6601    0.5055    0.5318    0.3489   0.04171   0.06173   0.01623
   208/299     12.5G   0.02364   0.01799  0.004772    0.0464       224       640    0.6861    0.4982    0.5355    0.3488   0.04213    0.0615   0.01623
   209/299     12.5G   0.02367   0.01823  0.004973   0.04687       329       640    0.6795     0.499    0.5332    0.3466   0.04216   0.06155   0.01635
   210/299     12.5G   0.02337   0.01736  0.004791   0.04553       238       640    0.6785    0.4911    0.5292    0.3467   0.04211   0.06158   0.01636
   211/299     12.5G   0.02321   0.01757   0.00464   0.04542       261       640    0.6524    0.5168    0.5386    0.3492   0.04207   0.06195   0.01634
   212/299     12.5G   0.02323   0.01746  0.004666   0.04536       355       640    0.6898    0.4956    0.5406    0.3516   0.04203   0.06206   0.01636
   213/299     12.5G   0.02329   0.01775  0.004711   0.04575       292       640    0.7701    0.4745    0.5396    0.3511   0.04179    0.0621   0.01624
   214/299     12.5G   0.02347   0.01798  0.004708   0.04615       210       640    0.6846     0.489    0.5456    0.3541   0.04203   0.06187   0.01608
   215/299     12.5G   0.02303   0.01751  0.004582   0.04512       237       640    0.6479     0.523      0.55    0.3592   0.04181   0.06218   0.01591
   216/299     12.5G   0.02305   0.01741  0.004546   0.04501       261       640    0.6461    0.5262    0.5482     0.358   0.04187   0.06247   0.01597
   217/299     12.5G   0.02336   0.01797   0.00467     0.046       176       640    0.6434    0.5227    0.5498    0.3599   0.04184   0.06228   0.01604
   218/299     12.5G   0.02325   0.01693  0.004587   0.04477       238       640    0.6692    0.5011    0.5525    0.3621   0.04191   0.06264   0.01602
   219/299     12.5G   0.02318   0.01793  0.004649   0.04576       347       640    0.6743    0.4964    0.5474    0.3587   0.04162   0.06297   0.01594
   220/299     12.5G   0.02309   0.01735   0.00456   0.04501       233       640    0.6748    0.4957    0.5455    0.3567   0.04161   0.06305   0.01594
   221/299     12.5G   0.02293   0.01715  0.004455   0.04453       187       640    0.6566    0.5124    0.5442    0.3558   0.04177   0.06274   0.01599
   222/299     12.5G   0.02281   0.01702  0.004557   0.04438       182       640    0.6163    0.5798    0.5495    0.3595   0.04185   0.06263   0.01591
   223/299     12.5G   0.02279   0.01683  0.004501   0.04413       130       640    0.6602    0.5332     0.548    0.3583   0.04205   0.06225   0.01596
   224/299     12.5G   0.02284   0.01677  0.004422   0.04403       269       640    0.6824    0.5213    0.5509     0.361   0.04221   0.06232   0.01608
   225/299     12.5G   0.02273   0.01684  0.004468   0.04403       190       640    0.6919    0.5062    0.5524    0.3612   0.04226   0.06246   0.01611
   226/299     12.5G   0.02252   0.01677  0.004376   0.04366       218       640    0.6851    0.5071    0.5462    0.3578   0.04222   0.06285   0.01606
   227/299     12.5G   0.02277   0.01693  0.004374   0.04407       371       640    0.6932    0.5033    0.5416    0.3548   0.04198    0.0633     0.016
   228/299     12.5G    0.0226   0.01727  0.004306   0.04418       138       640    0.6951    0.4966    0.5424    0.3552   0.04181   0.06352   0.01599
   229/299     12.5G   0.02268   0.01691  0.004356   0.04394       261       640    0.6859    0.5008    0.5398    0.3525   0.04166    0.0637   0.01603
   230/299     12.5G   0.02266   0.01653  0.004402   0.04359       296       640    0.6957    0.4949    0.5415    0.3527   0.04173   0.06373     0.016
   231/299     12.5G   0.02262   0.01674  0.004482   0.04385       169       640    0.7071    0.4931    0.5434    0.3541   0.04168   0.06394   0.01594
   232/299     12.5G   0.02262   0.01718  0.004326   0.04412       303       640    0.6809    0.5127    0.5465    0.3557   0.04163   0.06398   0.01588
   233/299     12.5G   0.02271   0.01685  0.004365   0.04393       185       640    0.6834    0.5052    0.5484    0.3568   0.04162   0.06382   0.01583
   234/299     12.5G   0.02269   0.01776  0.004383   0.04483       276       640    0.5831     0.551    0.5461     0.357   0.04142   0.06419   0.01581
   235/299     12.5G   0.02266   0.01726  0.004438   0.04436       189       640     0.697    0.4911    0.5445    0.3553   0.04157   0.06405   0.01582
   236/299     12.5G   0.02213    0.0169   0.00424   0.04327       197       640    0.6285      0.55    0.5415    0.3549   0.04175   0.06405   0.01583
   237/299     12.5G   0.02241   0.01697  0.004268   0.04364       180       640    0.5818    0.5502    0.5441    0.3565   0.04183   0.06401   0.01575
   238/299     12.5G   0.02232   0.01705  0.004259   0.04362       186       640    0.5781    0.5513     0.543    0.3549   0.04188   0.06402   0.01573
   239/299     12.5G    0.0221   0.01686   0.00406   0.04302       301       640    0.6457    0.5331    0.5454    0.3573   0.04181   0.06402   0.01576
   240/299     12.5G   0.02257   0.01676  0.004298   0.04363       283       640    0.5897    0.5508    0.5462    0.3591   0.04176   0.06432   0.01579
   241/299     12.5G   0.02243   0.01697  0.004092    0.0435       309       640    0.5914    0.5424    0.5501    0.3612   0.04196   0.06431   0.01577
   242/299     12.5G   0.02253   0.01694  0.004203   0.04367       265       640    0.5997    0.5374    0.5542    0.3642   0.04196   0.06427   0.01581
   243/299     12.5G   0.02236   0.01671  0.004138    0.0432       393       640    0.5924    0.5404    0.5536    0.3617   0.04203   0.06427   0.01574
   244/299     12.5G   0.02231   0.01686  0.004113   0.04328       205       640    0.6063    0.5539    0.5548     0.363    0.0422   0.06418   0.01578
   245/299     12.5G   0.02247    0.0171  0.004229    0.0438       217       640    0.5902     0.562    0.5525    0.3613   0.04219   0.06426   0.01578
   246/299     12.5G    0.0221   0.01702  0.003955   0.04308       196       640    0.5864     0.566    0.5578    0.3672   0.04205   0.06441   0.01577
   247/299     12.5G   0.02238   0.01705  0.004171    0.0436       317       640    0.5755    0.5597    0.5524    0.3643   0.04193   0.06464   0.01578
   248/299     12.5G   0.02181    0.0161  0.004029   0.04195       252       640    0.5804    0.5554    0.5515    0.3642   0.04202   0.06465    0.0158
   249/299     12.5G   0.02255   0.01712  0.004281   0.04395       203       640    0.5769    0.5592    0.5502    0.3619   0.04213   0.06455   0.01585
   250/299     12.5G   0.02195   0.01649  0.004053    0.0425       174       640    0.5898    0.5432    0.5471    0.3596   0.04205   0.06464   0.01586
   251/299     12.5G   0.02252   0.01708  0.004231   0.04383       251       640    0.5924    0.5578    0.5478    0.3604   0.04187   0.06491   0.01587
   252/299     12.5G   0.02192   0.01635  0.003965   0.04223       302       640    0.5878    0.5619    0.5475    0.3599   0.04186   0.06507   0.01594
   253/299     12.5G   0.02204   0.01675  0.003971   0.04277       185       640    0.5868    0.5579    0.5449    0.3576    0.0419    0.0652   0.01598
   254/299     12.5G     0.022    0.0167  0.003958   0.04266       218       640     0.591    0.5502    0.5431    0.3557   0.04199   0.06515   0.01602
   255/299     12.5G   0.02173   0.01624   0.00391   0.04188       279       640    0.5861    0.5489    0.5444    0.3571   0.04203   0.06505     0.016
   256/299     12.5G   0.02169   0.01597  0.003958   0.04162       272       640    0.5957    0.5314    0.5426    0.3551   0.04198    0.0652   0.01598
   257/299     12.5G   0.02204   0.01682  0.003877   0.04274       207       640    0.5963    0.5344     0.545    0.3562   0.04204   0.06528   0.01597
   258/299     12.5G   0.02195   0.01671  0.004031    0.0427       215       640    0.5703    0.5633    0.5464    0.3578   0.04213   0.06523   0.01597
   259/299     12.5G   0.02192   0.01641  0.003977   0.04231       290       640    0.5946    0.5663    0.5519    0.3633   0.04221   0.06519   0.01599
   260/299     12.5G   0.02186   0.01663   0.00388   0.04237       181       640    0.5637     0.577    0.5499    0.3598   0.04221   0.06537   0.01596
   261/299     12.5G   0.02194   0.01629  0.004064   0.04229       205       640    0.5671    0.5735    0.5515    0.3594   0.04218   0.06529   0.01593
   262/299     12.5G    0.0216   0.01594  0.003874   0.04142       274       640    0.5958    0.5472    0.5496    0.3589   0.04207   0.06527   0.01589
   263/299     12.5G   0.02183   0.01602  0.004055   0.04191       299       640    0.5883    0.5523    0.5473     0.358   0.04203   0.06528   0.01589
   264/299     12.5G   0.02153   0.01649  0.003879    0.0419       223       640    0.5899    0.5499    0.5468    0.3565   0.04198   0.06532   0.01585
   265/299     12.5G   0.02168   0.01667  0.003937   0.04228       153       640    0.5811    0.5516    0.5475    0.3582   0.04186   0.06548   0.01583
   266/299     12.5G   0.02183   0.01673  0.003826   0.04238        86       640    0.5809    0.5495     0.547    0.3592   0.04183   0.06566    0.0158
   267/299     12.5G   0.02181    0.0167  0.003812   0.04232       202       640    0.5878    0.5482    0.5495    0.3615   0.04185   0.06569   0.01579
   268/299     12.5G   0.02143   0.01627  0.003788   0.04149       320       640    0.5994    0.5365    0.5507    0.3621   0.04177   0.06591   0.01579
   269/299     12.5G   0.02164   0.01551  0.003885   0.04104       261       640    0.5971    0.5348    0.5516    0.3634   0.04178    0.0659   0.01577
   270/299     12.5G   0.02179   0.01662  0.003915   0.04232       242       640    0.5969    0.5412    0.5518    0.3632   0.04178   0.06587   0.01577
   271/299     12.5G   0.02158   0.01637  0.003766   0.04171       225       640    0.6054    0.5339    0.5526    0.3644    0.0418    0.0659   0.01579
   272/299     12.5G   0.02167   0.01596  0.003862    0.0415       245       640    0.6097    0.5328    0.5505     0.362   0.04183   0.06596   0.01581
   273/299     12.5G   0.02138    0.0162  0.003759   0.04134       294       640    0.6131    0.5307    0.5518    0.3635   0.04191   0.06593   0.01582
   274/299     12.5G   0.02208   0.01663  0.003948   0.04266       219       640     0.611    0.5269    0.5489    0.3603   0.04197   0.06592   0.01585
   275/299     12.5G   0.02134   0.01594  0.003698   0.04098       204       640    0.6137    0.5293    0.5475    0.3594   0.04199   0.06601   0.01583
   276/299     12.5G   0.02141   0.01603  0.003713   0.04116       257       640    0.6128    0.5294    0.5503    0.3619   0.04193    0.0661   0.01581
   277/299     12.5G   0.02135   0.01626  0.003762   0.04138       174       640     0.615    0.5301    0.5511    0.3616   0.04189   0.06616   0.01579
   278/299     12.5G   0.02133   0.01562  0.003659   0.04061       383       640    0.6047    0.5418    0.5494    0.3619   0.04184   0.06625   0.01578
   279/299     12.5G   0.02134   0.01623  0.003709   0.04128       267       640    0.6043    0.5448     0.549    0.3617   0.04183   0.06633   0.01579
   280/299     12.5G   0.02121   0.01638  0.003721   0.04131       412       640    0.6031    0.5445    0.5506    0.3627   0.04188   0.06648   0.01581
   281/299     12.5G   0.02147   0.01628  0.003831   0.04158       326       640    0.6154    0.5336    0.5526    0.3643   0.04186   0.06649   0.01579
   282/299     12.5G   0.02164   0.01668  0.003836   0.04216       268       640    0.6046    0.5423    0.5534    0.3649   0.04185   0.06644   0.01576
   283/299     12.5G   0.02135   0.01581  0.003858   0.04101       268       640    0.6004    0.5417    0.5503    0.3634   0.04187   0.06646   0.01576
   284/299     12.5G   0.02133   0.01633  0.003699   0.04136       299       640    0.6046    0.5417    0.5544     0.366   0.04185   0.06648   0.01574
   285/299     12.5G   0.02103   0.01572  0.003551    0.0403       260       640     0.603    0.5412    0.5527    0.3633    0.0418   0.06663   0.01575
   286/299     12.5G   0.02136   0.01604  0.003687   0.04109       296       640    0.6092    0.5405    0.5521    0.3637   0.04175    0.0667   0.01573
   287/299     12.5G   0.02152   0.01552  0.003695   0.04073       161       640    0.6143     0.535     0.554    0.3672   0.04168    0.0668   0.01574
   288/299     12.5G    0.0212   0.01538  0.003682   0.04027       214       640    0.6042    0.5376    0.5524    0.3667   0.04168   0.06692   0.01576
   289/299     12.5G   0.02149   0.01569  0.003724    0.0409       220       640    0.6008    0.5333    0.5514    0.3649   0.04169     0.067   0.01574
   290/299     12.5G   0.02116   0.01603  0.003675   0.04086       240       640    0.6605    0.5239    0.5508     0.364   0.04176   0.06702   0.01576
   291/299     12.5G   0.02144   0.01626  0.003752   0.04145       339       640    0.5978    0.5401    0.5499    0.3641   0.04181   0.06704   0.01576
   292/299     12.5G   0.02111   0.01588  0.003663   0.04065       191       640    0.6599    0.5299     0.549    0.3637   0.04188   0.06707   0.01577
   293/299     12.5G   0.02147   0.01661  0.003738   0.04182       246       640    0.6039    0.5382    0.5509    0.3644   0.04192   0.06714   0.01576
   294/299     12.5G   0.02119    0.0158  0.003668   0.04066       239       640    0.6593    0.5354    0.5502    0.3638   0.04187   0.06716   0.01574
   295/299     12.5G   0.02138     0.016  0.003686   0.04107       256       640    0.6571    0.5381    0.5494    0.3634   0.04187   0.06715   0.01572
   296/299     12.5G   0.02117   0.01559  0.003692   0.04045       393       640    0.6619    0.5352    0.5497    0.3625   0.04187   0.06722    0.0157
   297/299     12.5G   0.02097   0.01598  0.003612   0.04056       220       640    0.6606    0.5358    0.5515    0.3639   0.04187   0.06728   0.01569
   298/299     12.5G   0.02118   0.01623  0.003723   0.04114       254       640    0.6552    0.5409    0.5525    0.3646   0.04185    0.0674   0.01567
   299/299     12.5G   0.02135   0.01615   0.00374   0.04124       196       640     0.673    0.5239    0.5525    0.3649   0.04188   0.06733   0.01566
